18775690 -47565450 -37022575 -38157627 -21387990 836204 -9484474 2233845 
-7065383 -32558951 -29904961 -3901252 10989647 22293098 -39069041 15092793 
-31384649 13284805 -6718296 -22021356 -47031688 22866880 37104253 -29584747 
23665506 -35978758 8335497 -49176596 8029898 48076399 2795656 -20922995 
42146417 29223864 -34244885 -26731463 33209179 -32113239 -30400288 35091413 
-17632720 44199345 9553627 -49416856 36221399 -2726070 20400670 30692770 
-4176507 8381838 -29406426 -42888876 -30335445 -44720338 25852719 -47289667 
-19277912 46111665 30962153 -49200545 43409992 -4609889 43514895 -44168930 
32046517 22480525 -22269311 -39976899 -1862465 -44576631 -30587214 -17197783 
-6566886 39026416 -24765492 -29617329 32785886 -19633681 -40121216 4778417 
39435814 10552064 26173769 -26087916 36663664 36516799 -19369494 -23419409 
31876645 31576335 1041032 -8093518 12923570 -30656498 3302536 -40011139 
12038898 24378188 -45864776 -28841632 49441984 5076416 -21898244 -14975392 
-30445227 20983600 13545883 -655219 49584350 28560059 -39376537 11282199 
-49489984 18529067 48783214 -27574944 47105455 25298336 -18279557 -29926132 
4357288 42834764 -20610658 16827403 46192026 2572146 -909134 -24891232 
33827046 20404656 -23551122 30409961 30536939 44311094 -48251512 -3310363 
8297835 -2556173 -10727781 10466448 37976470 32810938 -33433036 -32903298 
4337910 -23825667 36549532 -36421543 30768179 25971288 -20226094 -17918574 
43216967 5740375 -36226743 -7472182 23662689 36503911 -37145878 -7701702 
44992373 31912036 -21964587 21989678 30087298 -4946115 -8140325 -37675152 
-18347786 13603352 -41839813 -1999498 18950194 8526761 -18447845 -39910752 
-23607292 4231662 -15812626 -1495200 -5622354 -3126958 -2442311 -27914838 
43922550 17184930 -19481150 -41871422 -6373025 -19385262 -15275599 -23580948 
-31152897 25097389 6537180 -1627722 47725252 18430423 -48869277 -17068600 
-3040580 22416049 -3171260 -38158148 36990708 18032565 -44273250 3744908 
39414398 32068907 -37452212 -29077311 8711247 -8619263 -8967867 -19034913 
14820458 33201755 -36171388 -28257732 44557745 1664484 -46102954 42508900 
30583912 1668930 -38750003 -31237563 8515924 9310500 -18134178 -25196663 
4734620 21808247 18257319 -18861090 29268661 13032014 -25012721 -11042516 
-26050614 36872211 9337204 -47470733 19638818 -4014792 15536485 -39597745 
6660275 -25682999 -35817877 -15451183 -13211818 29133226 -46639186 -26105887 
-42453723 -17916815 -4003239 -43973199 -28391079 -13748984 -44914046 -36751231 
