23749325 -49053479 -6538697 29795284 49435379 43737618 8315694 31008738 
21440648 -12401029 -13972624 22023978 -18285702 -5041001 -9919865 -11580121 
-29695299 -9734039 36395413 47967143 -30892688 18909091 -20504613 -30017059 
24350049 22896976 48030340 -27693919 29499251 19014267 -23150334 28040374 
-30674759 8556942 -28220533 -40749662 33498988 -4675327 3706964 -13160424 
45541478 -5556415 -6962851 -33143019 13860028 32404721 -44698447 -29772823 
-40279122 -43056012 14534972 -3253467 24780915 10030676 15901702 -23598161 
209778 -28639877 -25325217 -29247920 -15873962 2520757 -28649891 -2923541 
-7508470 -26096907 20282176 -21722674 32760160 38770190 -35262229 -31255637 
13468042 16856387 -15842674 -23259088 -9956607 -29106517 -15078581 -32174349 
