32109756 -30725060 -2608490 -36543141 -11641049 -12317963 -30064810 -23667068 
-27897573 42164636 -39436680 -13414485 -20507502 -35322549 13927017 31307744 
-37440191 -15531408 -11729147 17595362 -23445836 -6923504 -45821616 -39564194 
-45297961 37131146 -37501986 -34394953 -1154701 -14598497 37621690 -7954542 
-46785477 14896148 -36384786 -44070499 -18735887 9077011 42925976 18699025 
-11936193 -44146927 27417160 -31724417 -18894773 4125128 -18834700 -18726556 
12239434 33821290 -44462244 37634541 39658969 27553488 -12707156 12554612 
-28151373 19542437 11616045 -40906273 42731299 49369337 11650935 -21045678 
-24525198 34845872 -8450709 -6448696 -5024991 -22771378 -28227805 -45596114 
41841066 -9484303 26684167 -40325324 39428488 1142388 -45197561 -26674923 
-20255389 45401586 -28676463 26212737 18158426 -5266774 -35817248 6228309 
-36119105 -14782221 -46290658 -28177837 4169615 42057810 -28255203 -29730480 
3932504 44432408 -48749175 -41890481 -17652136 -28560562 -35853244 -35241072 
1470616 -7228907 1521880 -26522956 19896841 46839115 -29636805 13376764 
-8888296 22520756 -3927736 -31145975 31067676 8576133 -30044090 4199794 
504889 -13377126 -2590609 -34985159 43611651 40560761 -14425786 -35124037 
13417565 -7949076 -42054518 18972373 2802752 7336158 -39927163 12999593 
-30413783 -45136101 -10845399 -43496495 -35753633 30724625 -17794922 -45842474 
-49457180 -35637551 -9277056 -48397240 -32892232 10107865 -12454448 -43647086 
-2760558 886738 32123088 -47226707 35190701 23340243 10563593 -30186312 
