-34729829 17402950 -34156598 -5353847 40174183 21142099 -1796804 -33332856 
22942531 -16540532 38900735 -18505831 -11666471 20139886 -45719282 -48544050 
-32741811 19030186 41260583 30799792 40666318 25049897 -14085221 -37937183 
-6496641 13212328 -10399850 -4862796 17833743 23555367 -1606162 738914 
-7101974 -48779617 -44663497 -5083103 38650042 28190720 -49857113 -24322607 
-32694920 8482065 -31963289 -42996485 39094079 4325748 -30922980 2577446 
10163034 -13203561 -13408639 30706 -7835088 21645028 -45379586 29307233 
-10267835 18846981 -14700676 12563026 33898132 16644486 -386142 -1049583 
22902332 -1793808 -36471143 28597687 -4219642 -17424699 -49345452 20742323 
-28042351 23253221 -46380832 12492190 11952738 -21560879 -36461479 7439575 
14137427 14217658 218244 13427750 26581207 28726754 -49963547 2514444 
