11322739 24056871 20439197 42403434 -28434141 10986760 -27405556 -40948753 
10459629 38040684 609400 3118254 10613568 -40229119 -10016832 6755339 
-41492898 8681654 -41675190 -14946117 -2309040 2297106 7625189 4868325 
-8740012 14923510 -851105 -48696033 -5214079 -12961291 -10720749 11927749 
-13060243 44014054 22398275 -48295155 16045972 -5324884 16848074 -41497034 
-37629517 5396462 -10283349 -14145506 -1526670 -11349883 12503806 -46869959 
-20794512 2183527 -39850402 91019 -3486314 -43625709 -19846113 -47720896 
-30954263 -10049500 -35596058 -48025897 6056135 32748792 -32735131 19874120 
-9808898 38188111 -49217709 -22120789 4400790 -22920204 -43789175 21153162 
-40888381 -15870417 -17194674 20998945 39959195 33282747 -49695405 -3459709 
8037788 -20594881 -38171117 -15788011 -586096 18249696 -23672418 -48553407 
11511308 -35670942 -23205521 -39804076 -7936867 41060109 -30782433 17414466 
41610117 49760960 -17308051 -28600270 24229374 -291526 -37553014 -63568 
-16180249 -36126773 31707844 -30001706 34976115 12286777 -8642517 -3677302 
-34080297 11969627 -42808912 15103831 33605530 37372702 -35028539 -7056971 
11720831 16511442 491290 -12507248 -10714574 -8704466 -13498169 -37392422 
-2747049 24472521 10584015 -49343849 49885440 4969993 13525285 -29735834 
28475361 4582413 -24899947 -39840393 49733017 21886205 -37856103 -46438864 
11276799 -8753628 3498292 -10816963 -90773 23316231 -12211785 -24554123 
43755204 42496859 23797290 -1075687 32185279 -20843059 -9938230 -42156652 
-37794167 -9065226 1950735 -24574298 -22588921 -15947916 -32737983 -32359324 
28999535 6698943 25345445 -20546677 8117925 36189946 -47081110 -2738947 
-49906466 39040844 -29042984 -7197402 31818744 -15884363 -26564050 -22825381 
-40951734 16154367 -47057080 2870624 45181011 33419074 -37828116 -31158119 
-43819557 21698298 -46032442 302425 15938328 -5358726 -47791998 12717638 
48140753 -19830965 -757420 -31120193 -14180097 10658898 -38614223 -14367016 
